spec15
0.004238656990609217
0.00470491030131752
0.008092608604782614
0.002355212950874147
2.905699819288355e-05
0.001301896761103045
0.006687522458717551
0.00564308283989993
0.005299838796353548
0.002721662417619333
0.005655569218243222
0.006255299228710777
0.004603462518982338
0.005069247180804001
0.005062003821452124
0.003359678939445841
-0.002259520749753125
0.006314800561690617
0.004791238901244175
0.002167535057195301
0.009049243263435541
0.005099738065905464
0.004171081317358429
0.001187907779731651
0.00569782213678318
0.00374215376529949
0.004321753916350423
0.004518522519443323
-0.00171200302224211
0.0007530848039868406
0.003889061027688393
0.005574222431071378
0.002588798587368228
0.006068098532212465
0.005552890704979881
0.003952665677463153
0.00779222002224043
0.0009927219461576891
0.0009034873300243294
0.003907316916040696
0.002535545953590939
0.006505478120658257
0.004592043487474566
0.005774616424275524
0.003905338281168454
0.005583009750583792
0.001317641913121026
0.001872936808580556
0.001990473296201843
0.004477593624724634
0.003663677083516224
0.008122074303914508
0.004511337931076562
0.003813426256827645
-0.0008217845977177397
0.007014519623774475
0.005224413168125423
0.0007056937230679279
0.004094815200428164
0.003058659135868439
0.006508306671811926
0.003685672090333973
0.004414602395723827
-0.000855324654916075
0.005866878859843884
0.000206116472409083
0.003767485014352225
0.003483133696829332
0.003607434639994559
0.002064677523446545
0.003777996372594681
0.002982097864656482
0.005244626133800283
0.005670424835238164
0.004552924524486834
0.00535015461129299
0.003665905715393853
0.00758633288391792
0.004189594111479109
-0.0006494362206093291
0.005265274462427871
0.002538676567994168
0.001983173512429842
0.004541537750456414
0.005701217458682177
0.004312566265198881
0.003780415257434835
0.003726133514220009
0.004230637359906492
0.005742962819421315
0.003224305814165009
0.004311784451589104
0.003546135087442951
0.008000142646849923
0.002984139081070028
0.004214634964613963
0.0070311970958131
0.003452572957266991
0.0001182398715655494
0.00115012546391547
0.006743948831120314
0.002268021210756034
0.001590205302047858
0.00114919816240026
0.003979649347744491
0.004356875615642982
0.0001763612535601001
0.003383289896093396
0.003360356610830075
0.0008238382935224854
0.006696371369046421
0.01333307144708996
0.01498583313707708
0.02104287083803124
0.01386134078126657
0.01276266121651199
0.008725666920866433
0.002549326456538025
0.004928389106339072
0.004075814692825998
0.002318127892703563
0.003602700733091528
-2.928720680912333e-05
0.003752730727160053
0.008682246930373606
0.003923616116367139
0.006122427967373226
0.005687227316839444
0.004066887213048969
0.006817983558653437
0.007404077144844371
0.006254878364337877
0.0009362237077543207
0.007583626657712853
0.001726159356861542
0.00192820352978237
0.003508318686140861
0.004823385496015836
0.002580035489396479
0.002750711690873234
0.003774720643692973
0.00327939036156284
0.0002336852817774595
0.00491293424726047
0.001694678782302488
0.002135731174109736
0.003104328952091458
0.001025302194287023
-0.001667967437529267
0.00591916702863
0.003474780734090063
0.001232696672150696
0.004371412090579133
0.005128430824909267
0.005908199067221686
0.003860791234084513
0.006390349997667044
0.001757809690256496
0.001463977575198233
0.005338204887487839
0.003838224558721195
0.004942180708737022
0.001935092132275341
0.001931327338917206
0.00105368558004523
8.782851559870129e-05
0.0003809470493201907
0.004742973703561502
0.005166190579536674
0.005577112886119867
0.001784794889946034
0.003722802623966803
0.005049484288395596
0.004313814187046541
0.007856154142774421
0.003282093099655311
0.006016274451826197
0.002021393580104342
0.008428316443480867
0.007903195004334038
0.00758552275835518
0.0011419839928269
0.003579651393900805
0.007373326179607977
0.001557091357899529
0.004230112729409239
0.004485755649762987
0.004628819278426241
0.007530426602862915
0.005674263099951012
0.006547035215242262
0.005963666784670345
0.001965663231124591
0.006860836510315764
0.004965351416695587
0.003015612881639637
0.005181907425225079
0.0008799639813463456
0.00289862315536699
0.005844913033668902
0.002456918792643021
0.004388405949149828
0.0003512604819929846
0.002484484576424709
0.007161420093479543
0.007820724649014357
0.00175510438445286
0.01169412553498
0.008882256360194336
0.005576215141490116
0.01252793674200149
0.008942257361909201
0.002277136539968865
0.005703468332662912
0.004724559272050326
0.002651601645276542
-0.0004076979726935924
0.0006422735590979725
0.005947340296851922
0.002773127991869582
-0.0001162744703963653
0.007131260282436471
0.004280686417712103
0.002680549854612791
0.005150956524614267
0.008678126500787751
0.005054650803005461
0.006566792637631424
0.002070158493576351
0.002909282412273499
0.002879329966255919
0.004199584371450297
0.004043050012316971
0.003629986237648237
0.005659427646920768
0.006829681878068175
-0.0006393002861373781
0.001947964682541734
0.005574177320159067
0.003309426016319227
-0.0002317849518349352
0.007599698817912121
0.00252393970366882
0.00821216136425691
0.0005508175612948237
0.001738626857857581
0.00666480943199015
0.004522552939950606
0.008272808782768856
0.0117410964432749
0.005407601324627828
0.002400286766508641
0.007720507615668066
0.005344167487654464
0.009055493521514585
0.003178888110115159
0.002745744424669908
0.003330974344837656
0.005751235411544066
0.001647838578509563
0.003733223740382852
0.003443181073060509
-0.00101177611806155
0.002719999536443513
0.003552411610920484
0.004078564268856423
0.004655875151634131
0.002198093972375939
0.0009264741054108526
0.005031199661534049
0.0058265715868456
0.004490900430575183
0.005229994542263436
0.005035780632383785
0.0006958921730227202
0.006817965529229913
0.00364237787950106
0.008597899598261266
0.002201572637217207
0.004076757140215198
0.009038990342683439
0.005097527237979832
0.00176382211954504
0.003680512185338212
0.004675247415745255
0.003707341098359313
0.00174122699842273
0.004777794468854115
0.005564792401765955
0.004181765343667209
0.006127899797783277
0.004985026295116844
0.006333705015855375
0.00435449445683091
0.00331000377576003
0.004335905885214711
0.004936551782580486
0.003546001395961178
0.003351291777612887
0.005061481203269127
0.00797437226291316
0.01011305051938841
0.004475426006062393
0.00708005986553565
0.002527606477713871
0.00533585256852934
0.01052538544266978
0.006643686581035025
0.005516055307153585
0.007125444695665802
0.005391276113213805
0.005591474512880094
0.003560373660802634
0.002974482753850649
0.007818803304660466
0.003614667540435403
0.003071479129427114
0.008001091121976013
0.003122961759995451
0.00605111167717861
0.001431726545831244
0.003976220720046724
0.006126033734773551
0.01014090451712968
0.003595578230501018
0.004365057455477572
0.005762160569193477
-0.0003500324088590098
0.003070536313807079
0.004616715149962471
0.006278363337024489
0.001668809295061108
0.004332428533549607
0.002922407222737814
0.004801659999828535
0.005708246838396841
0.001815020562671129
0.003342713135391654
0.006123389917214037
0.005924086469319148
0.002224814026536285
0.01039808674678631
0.004312794945038756
0.003173252049961975
0.008623529348122178
0.007857963931270561
0.00502081729264263
0.001058157497593007
0.005060056598688126
0.006744399562207284
0.003026150203263257
0.005511568661018492
0.006965788693934884
0.003314898517083776
0.0005276878293136282
0.008567530199057956
0.004740813584560975
0.003933595380875461
0.0006465737855612647
0.002320371049819899
0.002091428624621161
-0.001558193442050121
0.005009454529152335
0.006530632555462345
0.005357501367509484
0.003207030489722254
0.00869014652607014
0.00776737237532203
0.003239229409312614
0.004379082086129266
0.005183279713001762
0.004716905457889309
0.001764981776303612
0.006596494506807861
0.009423874476193748
0.005448438420799584
0.00515356608718174
0.001794730866933972
0.001325779905580425
0.004359824018282149
0.00120770351878504
0.006788067615847178
0.001680538543615755
0.002622190346120643
0.005459601506459209
0.001797471069188526
0.003357242058524699
0.004162858586283496
0.005251776087244076
0.003718195950637671
0.002038972544586758
0.001030663865838054
0.004341566318527224
0.00578722399803723
0.007255232299833273
0.004157019920373994
0.003986938078067563
0.005398601141136128
0.005953275628819184
0.003219787116216311
0.008345112241226211
0.002035232246509281
0.006189767841085811
0.00197298010936135
0.003749377014021136
0.004078357877154432
0.005185062458376694
0.01190178799810345
0.01125228216262711
0.005195946403783363
0.001855986837088895
0.008623294931042301
0.01071805203502877
0.003275884009189652
0.004102931369161841
0.007861785156407591
0.002946261273538118
0.005597914052511049
0.003305124016863328
0.00688221813297287
0.005240469008810687
0.003535382296185695
-0.001002323031057569
-0.0007089227907829877
0.004740996534349297
0.01044962375843375
0.01001425009167323
0.001179463635780463
0.002269389651511751
0.008574218001146482
0.001832154916100373
0.00549027196905539
0.007016348630632219
0.01077914002122224
0.006395027528622521
0.002802651036558564
0.001944733032301515
0.0042878158836357
-0.0009731345500428016
0.003478836943928464
0.001891946715781847
0.00471578081843453
0.004882822420118135
0.003064839852582858
0.003192194420679093
0.004461903809630192
0.002814034374668693
0.002717707292184227
0.00153487101178312
0.004099002549729345
0.003287535889761834
0.002690000421240021
0.004233978983827325
0.003250101021164523
0.004440107738247354
-0.0006214741644707296
0.008759724561437879
0.003669509578076801
0.001594645371391203
0.001596360487716845
0.005718069874424941
0.00331493026527527
0.008818476507205141
0.003200415569876746
0.005983806148836662
0.004211305362155194
0.003973764054223209
0.003202397162386102
0.004087283030241124
0.003851713709077428
0.004621416419932154
0.006253425040161542
0.0002368515862968458
0.003524690323189571
-0.0009491744498318296
0.004292020865063802
0.002017035812820559
0.004800294208037942
0.007920596222370062
0.001156062476848454
0.003705465304743262
0.003734515656317319
0.00591487543752855
0.008846798145072395
0.001602157931310689
0.01149828649364467
0.008795771346503382
0.002853292054359412
0.004128361648376478
0.005675282031931589
0.003057748834128081
0.003568743928887591
0.006308917507828926
0.0005947737820106464
0.007768044318287961
0.003449479625228409
0.003871057505246644
0.001397588408705082
0.003451940943586822
0.003035387974364884
0.006262008415823984
0.004731888845460101
0.004459767229325163
0.002739054825973749
0.007765419303372239
0.003454221580539047
0.007475301010827846
0.004541472400123501
-0.0003574982753050757
0.001249750474628292
0.006625785995217195
0.00496202360166077
0.006227685303834311
0.004319569232494555
0.001848291195402104
0.004776755990861469
0.004802917801946379
0.00258826940948742
0.006006026292428545
0.003904644319496858
-0.002146851633362487
0.00844559692308868
0.005101975248943756
0.002032123408183458
0.006723997826081279
0.002206550423669702
0.001163885760955096
0.004951358255801657
0.004446939142473928
0.002208941303071709
0.005018096159425038
0.006488957894991067
0.005869239064330138
0.004448975657120832
0.005918563536058066
0.004068661891940295
0.006644950165920094
0.002182783163771416
0.004223011721849078
0.003595517463704574
0.003175884481404711
0.006257144970725829
0.003564434991404031
0.002961031257213265
0.004850342353617846
0.002907125481183588
-0.001318155646145597
-0.0001198297299201382
0.002940250080677136
0.006602335161314169
0.006684354841171854
0.004046137896938721
0.005575484974853616
0.003746394761145128
0.004658158750609694
0.00511282736067381
0.004797357776156219
0.005012124531407089
0.008613586495002217
0.008441223269006971
0.009120590905217293
0.009493913838776773
0.004200145616739157
0.0121393613441126
0.003368203334118601
0.00442194435996117
0.003557117531716719
0.002078700347788931
0.004914891232838446
0.00566851436295063
0.009523450881205008
0.002625550424457865
0.0003313645194648335
0.004938661519303075
0.006084971869355007
0.001145788917345066
0.003166879870359436
0.001871242965008996
0.004065834825839752
0.003557940858047043
-0.0004529712967207103
0.005579316091984544
-0.0006339302951081214
0.002657765009348434
-0.001265170178217236
-0.001478971460443194
0.002838467252262587
0.002535861227575659
0.002694226084761094
0.008829508571465213
0.00625965692346031
0.009757416454491571
0.005922682309854258
0.001146934162164146
0.002416682050969498
0.002324851866085658
0.00226672444822089
0.003473807460640098
0.002330122321862616
0.00447829407593305
0.00402058888863143
0.002846268469101236
0.006446249703802511
0.005567407583487119
0.00534625814862789
0.005677486637977041
0.01118151262508227
0.008449726051651504
0.002877681261436961
0.005392928138859257
0.002482158634086709
0.006212475526217821
0.001820206142946604
-0.004429235826860278
0.004516730764722398
0.0037883936660689
0.006675389463754959
0.003580302832599246
0.0009407605395096835
0.005495433196766008
0.003392654217529435
0.001061672111543023
0.006080200950576983
0.006875101638903161
0.0007270494356230561
0.003064680231229115
0.007039334443034676
0.007379655524509489
0.008809176917888703
0.007472462836645937
0.008270427279607015
0.006370607051684983
0.002409079446189595
0.002648059328163865
0.006126057577942249
0.00257910941345319
0.01075239041172043
0.003618440397287737
0.002399400426604566
0.002833303931391314
0.005063923455743105
0.002709151998142932
0.004114225850709721
0.002958311242828685
0.006792174852228229
0.004120002689983485
0.005949935952125545
0.007017697104660876
0.007986611109959111
0.005702060502978497
0.01031027536066326
0.009768773734095343
0.004673257652168024
0.002040822867401712
0.004470919392976053
0.006968240501141164
0.01216168947560602
0.001745070902620415
0.006214233486368997
0.005068327306375612
0.007849128915571149
0.005902360077994571
0.0009472808879491259
0.001926064411052815
0.006459597062173676
0.0009489876871266902
0.00263079919049295
0.004222677925440032
0.001285466163530552
0.005647174467610501
0.0005204246831994392
0.007589940617384146
0.01156684874436715
0.01141680514084568
0.01283804716828705
0.008581965454446049
0.007372214115237416
0.008159909006578602
0.008580231107404555
0.00707449095823781
0.007637136941928117
0.008401457310105749
0.004356738138288875
0.004805187587209787
0.005119671201329708
0.004267597265625714
0.006322171945463297
0.005264501522530676
0.006658134596152955
0.009652713472304774
0.007141116082636754
0.005930573111951829
0.00209055604930648
0.007411920183005723
0.00739548258993582
0.00735676448724317
0.001538673782711393
0.00408897614415454
-0.0004300621115444963
0.004514262628500989
0.005362126310626857
0.01409809560457351
0.008599225495714917
0.008627291404067084
0.005544624273740803
0.00344224260030551
0.01025492744257405
0.00854363559693549
0.007272444279345375
0.01054819189155248
0.004185149485456913
0.006844939565982471
0.004662204343064931
0.00678365479708089
0.008822909839222869
0.01090492001511004
0.002038854633029845
0.00564923113505379
0.007218073421252892
0.005773867905696404
0.01071937575168777
0.006113444545523549
0.006417361109625622
0.007266860622488031
0.007378844552033722
0.004950420621417665
0.006493101425637316
0.0061733637718303
0.006892074444071614
0.005725390838613788
0.006977740145554448
0.01275837086103113
0.01581911475723929
0.005690899864695686
0.004381513175995369
0.006755800419646394
0.004860586843856366
0.005197485962554481
0.01215193568666429
0.01198194387451594
0.00832208697359977
0.007250185349792388
0.01233825656724259
0.006885510381513751
0.01176342853815333
0.002764269365462962
0.009945323531300235
0.00956465226415174
0.0127117475701029
0.005122502897282021
0.009293057331494232
0.01491704431494987
0.002421440832520861
0.008378614977628783
0.01254939843902026
0.01222806649902087
0.01712870773899798
0.008361437156530182
0.0128855906832261
0.01227219924601266
0.00901666375858544
0.005352942843416841
0.008903832336600243
0.01588384873716035
0.01543705638158133
0.01440088902347176
0.01116621740953352
0.02096315630009486
0.01536250190624712
0.00822437033422182
0.008429275045669257
0.02147154400464209
0.01155998565199604
0.007163672708649076
0.01381990528614481
0.01102630048318906
0.01545056902462983
0.009008272605166748
0.01702068781354122
0.01270828093360951
0.01763872867747076
0.01557282032412595
0.01759285003890335
0.0145998559537964
0.01432116999296619
0.01778664732463814
0.01421123780148779
0.02218547691112615
0.01879564599456346
0.01690489212558303
0.02058783664511385
0.01655911107614456
0.02052880218191895
0.01351090822782542
0.01858670150434796
0.02255118684051944
0.01536202068173393
0.01227935337341515
0.01699460771295341
0.01638791295468511
0.01748364407011829
0.02534497140304251
0.02120030682584673
0.02212731930539854
0.0118431422316313
0.0191197668605196
0.0198213732576599
0.02138169088880783
0.01901059652316451
0.02116566024242186
0.02568895421289399
0.02619209585833873
0.02478435344083199
0.02270234362182965
0.02678301300940448
0.02903777172961421
0.02554320390007906
0.02672985325258881
0.03322508456875724
0.02748571402721198
0.0250542485639456
0.02707299914330327
0.03052190238102844
0.02409130237458323
0.02676807550311967
0.02604295025624644
0.0313706288203699
0.03308224406912395
0.03441314987907634
0.02834195062093673
0.02688201035092937
0.02994851844972668
0.02675607265300866
0.0284453314971948
0.03466399070624064
0.02908798961967847
0.03211715486702379
0.03104741104752287
0.0387921256811456
0.0387207040958806
0.03219056918740778
0.02816591942599511
0.03259971317841862
0.03148683353417455
0.03356741564418032
0.03698163274244212
0.03930190235423301
0.03409507065436683
0.0418239277579182
0.04172432851374377
0.04274616963694243
0.03916481406450869
0.04217375098658555
0.04249890452476096
0.04716724027898065
0.04275470636741243
0.04292271153997046
0.03757064545401939
0.0411474994283988
0.04070518537772348
0.03984193521986962
0.03848802469002485
0.05039323411437903
0.04895487339172921
0.05127803455757435
0.05414220849288028
0.0469988384672712
0.05706047090588136
0.06074782389110508
0.05595092889300783
0.05298564831338688
0.06034411799114842
0.06009708677053718
0.05061726728484949
0.06680521572629722
0.05887692066368081
0.05584433912971864
0.06165318032482284
0.06762903922728207
0.06158070025859041
0.05992860107655639
0.07294715657435331
0.07397555289236503
0.07428716568609778
0.07722808360134187
0.06541992823096099
0.07839603200423828
0.07752500218119045
0.07490793942624578
0.0807739619145995
0.08329623143035295
0.08326847437026909
0.08121849901535767
0.08811117387552823
0.08633213772420979
0.09891551443411667
0.08954737142038159
0.08496527294818298
0.09236311029450292
0.09947699553828034
0.1043910622322164
0.1022552883086352
0.1024172851328417
0.1129822559763065
0.1225198136088107
0.113580520447487
0.1295088849069612
0.1353748333694543
0.1296981822463537
0.1355856048779439
0.1394666873628086
0.1473512257062584
0.1424630447857944
0.1463589338869018
0.1586335248688277
0.1474450317528756
0.1568951566121345
0.176401142347152
0.1687692485684165
0.1797479233509372
0.1937634333505329
0.2020285869843769
0.2085239880084038
0.2180681906872287
0.2289011546786901
0.2367553239358111
0.2429120651581095
0.2466614868969579
0.2484729017875262
0.2756626467439259
0.2907140825590068
0.2992858366366512
0.3053428488417188
0.3308642787491746
0.3395237969415242
0.3531924894170595
0.3885309724042071
0.381097766230321
0.408839263201292
0.4287678973975669
0.4334936428164136
0.4593952690227594
0.4723597494636263
0.5055859005596132
0.5354647485032047
0.5544855156455574
0.5957169288903477
0.6296234880835218
0.6698533964825856
0.6699153973086088
0.7096770240511404
0.7330803635043993
0.7716655245743271
0.8335975928241955
0.8513615344186768
0.9178069639298598
0.9473214925498837
1.007459343028284
1.064691606401645
1.11223172587062
1.135811224557691
1.26020922599343
1.330739194870664
1.398668977975987
1.433974709921396
1.55441375042315
1.634889320821705
1.708620389154752
1.768973863655527
1.937787164452835
2.021812742755316
2.148575756888164
2.287637359876729
2.449256490187401
2.606387578927577
2.711376009433419
2.89793466862101
3.142185170995838
3.399107609532107
3.671693684353858
3.939024353365181
4.34893436887223
4.686074156687889
5.238644395278879
5.767664201855134
6.447654965491108
7.177005685144463
7.996226358657724
9.247792887266669
10.35679994958625
11.63080216957543
13.38427267851258
15.25887919600758
17.31488028696064
19.61146528879413
22.44454086540241
25.32504979267243
28.13498598961524
31.04287607909696
33.69773350007421
36.56488107035592
38.85376164070379
41.54450181436427
43.5429442469481
45.16127015028247
46.3292273124683
46.55659135083873
45.83193008770377
44.35779849364296
42.159048328296
39.67895348669926
37.00187226556855
34.10667243433655
31.33126240404019
28.54325632181631
25.48843523281586
22.49750344400807
19.73558122837681
16.97093114568066
14.51255740403288
12.41368904864032
10.75256203908419
9.280704851726206
8.137036741538729
7.040080134529287
6.213084490190917
5.567070110169517
5.009993485408594
4.577663059245322
4.163252908461611
3.743331833623528
3.44657855500668
3.140814334357986
2.929971898454379
2.731613102153959
2.560064081812874
2.408005616209519
2.227954261860172
2.098520562571904
2.013897581585563
1.856997164405278
1.793992824205843
1.68408649118096
1.528568233261907
1.490184708971912
1.412783809766353
1.337921572528471
1.245580500235546
1.237308072185759
1.167364409034749
1.081316834658985
1.047844782704585
1.007178543700065
0.9126293751367114
0.901013152479057
0.842696601855086
0.8191693671631117
0.7572394178117423
0.7235673122867761
0.7178315021687218
0.6469129596809167
0.646847277938594
0.5955994206867117
0.5461747505481165
0.5702120619187684
0.5309159902240643
0.5092475037658345
0.4657427352898943
0.4325778644324147
0.4311969288196579
0.4421037639981996
0.4000474323225265
0.3884076790766626
0.3754145759704634
0.3420622182241881
0.314046838577643
0.3391004092994764
0.2957279015628562
0.2871690772671145
0.268567802626017
0.2673058106251563
0.2534286289249593
0.2445757368190444
0.2419477866029285
0.243764165622927
0.2217290813877414
0.2102595875074501
0.1833896822623633
0.1959324784553861
0.1968035013060902
0.1763002834280609
0.179279644303957
0.184721706304142
0.1747791124215499
0.1615530063445801
0.1580659752133415
0.157992204472526
0.1465942638545077
0.1375460035229046
0.1360380080353556
0.1318255897183856
0.1306780638682929
0.1317966515511748
0.1218256043692878
0.1206731829700412
0.1053884973727374
0.122526332055327
0.1052487736675213
0.1074728902866158
0.1052255231250405
0.1005069420285301
0.09668903640053625
0.09854107496372638
0.08999611632052068
0.08545133063839307
0.09828959080803948
0.09456731813110254
0.0779983467179384
0.08441004379975527
0.07855646184237053
0.07241885533442509
0.08404065094652306
0.07003627704932062
0.07984404591073911
0.06810316660458558
0.06982869267888334
0.07082119961944741
0.07067034803107883
0.06446925238271155
0.06679312754633325
0.05659435146900688
0.04909677072750256
0.05858348091711408
0.06226528492805936
0.05640826697552699
0.05871540847077728
0.05943867345087941
0.05947349643922483
0.05571946328777007
0.05604751781443156
0.05367605658519217
0.05454575779441439
0.05191823750406276
0.04114447519440639
0.04658822916186294
0.05256439088300635
0.04569449846917708
0.0450344893967055
0.04529025020418193
0.04028940029268416
0.04327997371393417
0.04066647713422517
0.04562382708742007
0.03019005371020999
0.04707345590726736
0.04000286352617027
0.0426514655656369
0.03921446564811881
0.03916477811366745
0.03382080166832117
0.0342236349302224
0.03690877402706567
0.03853634721136655
0.02602128195033391
0.03255462819390791
0.0382920542343208
0.03646429709287316
0.04118723798394231
0.03256745776179776
0.03694770296358799
0.03430463520573978
0.02884933492960304
0.0316215219613524
0.03482823781851281
0.03070588971256402
0.02222731474777383
0.03322993979024073
0.03430631577984914
0.03498112968842585
0.02029675910087274
0.03089750474066908
0.02150473739899887
0.0177228518654039
0.02959851796124843
0.01878466876778558
0.02207399712832663
0.02834330435037396
0.02693003099494983
0.02995130808217869
0.02253895598968684
0.0199982584535864
0.0253254320880715
0.02689523934682682
0.02828085320717564
0.01917570054585519
0.02484362689380611
0.0238590215062314
0.01935781723883686
0.02656575166477559
0.02373184751123134
0.0209423709460182
0.02134175967390776
0.01747467545084449
0.01687218662606342
0.01608922666998283
0.02036862795154485
0.01639741998385576
0.01731524212523485
0.01577446010385919
0.01659003345752037
0.02213823838066718
0.01982148829707179
0.01866504988477339
0.01579301283208247
0.01912639250220612
0.0183882650001261
0.008885616072852339
0.01819872995223158
0.01814788548131701
0.01377468012786725
0.01793276641698286
0.01299203806599927
0.01232174852212319
0.01221030882396775
0.01194269584162995
0.007725312063636093
0.01188033183443625
0.009671236165397248
0.01478556197883969
0.01597190448893978
0.01543913308662559
0.01277808243879825
0.01451267432448751
0.01649382472443423
0.01208699999933598
0.008174651640516421
0.01904593492860431
0.01503179663945129
0.01049494558232651
0.008188552413270034
0.01746316730665419
0.008313367970415209
0.01360881129040793
0.0009455117690665898
0.01318671937755038
0.003866767789398261
0.01168862655919861
0.005647184244210547
0.01187167197195511
0.009860895473479453
0.008467200304738938
0.01304513992982401
0.01064056198816741
0.01124576111996324
0.01157750781365259
0.004067491926633404
0.00754393059405498
0.008036199044224012
0.002564663937407506
0.009875652799435596
0.01061159079956504
0.01507392795049803
0.008475990117077021
0.009016018060726969
0.009135951110925897
0.007399846116996238
0.01162935051283726
0.01392147123472953
0.01177925708707198
0.004540096997427121
0.007418766866919599
0.009303380847732386
0.007771628709547135
0.005716265706452671
0.01249826994383525
0.01305178606210157
0.005669648871717126
0.01147474149195297
0.003034381939462155
0.004995469007073337
0.008756793444791564
0.006406990811832065
0.003557425682713718
0.01322127686738999
0.004560391313482967
0.007068150149917809
0.01334967292499999
0.002079703059401537
0.008525678416214951
0.01926551558575023
0.0103521272849472
0.01005346089853372
0.01121997065317605
0.008107308450141874
0.01885831398456663
0.01306110719622244
0.01245254896755386
0.03366445281761319
0.05187115481837992
0.0514929292596954
0.07451972526944611
0.09210350983713669
0.1252500285703335
0.1610053437873554
0.2150734959721266
0.2829633079477332
0.3280488656853051
0.3894513618772041
0.4706868836000278
0.5773291162144147
0.6524098570047232
0.7141876588984769
0.7996355186789534
0.8794837614618277
0.9158545753369554
0.9518521234804209
0.9873850490306821
1.010473024229387
1.011810851683493
0.9930332178829521
0.9767434303503713
0.9217172229589367
0.8655924043172775
0.7792096600863168
0.6995383161135561
0.6086708295948278
0.5644049599603225
0.4584646036262292
0.3982206516896751
0.2991514613383532
0.2648105133888935
0.2015490233734294
0.1564163033382784
0.1175433660867015
0.0883681296291752
0.07568635657152561
0.04551580164740011
0.03366773719848229
0.02798835677085796
0.0180517743808105
0.01161536730210278
0.007094980924206084
0.0124275850252098
0.007580266425860934
0.008133204783644814
0.0116448206818717
0.01043025277511437
0.008068216753026972
0.005514449031811264
0.003111415454817401
0.0123730691224823
0.006691007174256767
0.006567560038947653
0.008729367188230331
0.008429856029714905
0.004463791909736595
0.01459005112734167
0.007865955608346393
0.009556159529577552
0.008749988785616919
0.0007723580587536522
0.005251331036990389
0.008728517392269862
0.007605490920804208
0.009666461364379266
0.01661867834367686
0.008662149344870439
0.009920535576551693
0.0120820202377784
0.01655538132142979
0.01123538622411397
0.008394200047824976
0.005593131520841415
0.005861892622617606
0.00485829908112803
0.006502365627716289
0.0007403136417431006
0.003855837907172604
0.009134349807192051
0.004449076079852696
0.01410290909373753
0.006116389950671502
0.01081843347826393
0.01213311340846262
0.01180555068329846
0.00624670440892743
0.008409138677840128
0.01114039775172976
0.008362805672137192
0.007331100517142294
0.01046196224904619
0.01109823835661396
0.01491987466507718
0.01187240424493725
0.01834641183631786
0.01960689620573382
0.02467716552689466
0.0262603377035755
0.03532806713491472
0.04231288433866531
0.05183117340293124
0.08342937436672136
0.107094581535118
0.1527879111946353
0.1611653669772408
0.2040309325730667
0.2515729795606125
0.3051412920606973
0.3655050574181345
0.3990547300519884
0.4172758333489548
0.4268620893642218
0.4334124597161402
0.4123469008269125
0.3692857637039358
0.3695316549281423
0.3244072539044424
0.2962590929478725
0.3096693211311864
0.3015034943790861
0.3077572542742078
0.3333490537655768
0.3585938478531753
0.3688411727237633
0.3607165852617275
0.361380264757369
0.3387974563380821
0.3164607945711434
0.281717397425249
0.2268840596940116
0.2142024754118786
0.1466994238261132
0.1164655418840381
0.08445120388720104
0.06283440162370958
0.0441291945624262
0.03246396809104746
0.03035676490203795
0.01742554447076923
0.01536504181307503
0.02310702820889035
0.0146541238562808
0.01818638251494041
0.01981836147618784
0.01931712435212065
0.01524980926358062
0.01983532434416037
0.014331024984906
0.007835283349346332
0.0112221684797848
0.0137136240589255
0.01852451525765177
0.01237329652270845
0.02059189545235545
0.01116947596100432
0.01557335308867569
0.009047062114843707
0.01585861322206984
0.01594205376329554
0.02014216338819327
0.01427695332085228
0.01148506601545728
0.006971696176493833
0.01131492184024369
0.01012689038574718
0.01433018316011082
0.01890616841676018
0.01518979705105821
0.008536228630184306
0.01035965138718181
0.01197911684170192
0.008303658043570515
0.01062288436680422
0.01389725946424709
0.01180976516481851
0.0137137043609459
0.02219915205251968
0.01217615575683693
0.01064365866614695
0.01724432957684177
0.0121183140564258
0.0151869282868435
0.01445436701763309
0.01384874637467036
0.01017601134289301
0.01598733285202846
0.01106450842307809
0.01206965173701942
0.006742280640843354
0.01183750977413736
0.009273374298317814
0.007399560007155731
0.008266343116595699
0.01486359003053733
0.01021456084593961
0.004730061746230529
0.01350986946044689
0.00933273097514431
0.01190806034624585
0.004065736345018
0.008092847520200888
0.01263954644762926
0.01084112245690008
0.01023540058136251
0.01203170414973971
0.007173371250348725
0.01186496024922211
0.01079868992007942
0.007603808275186993
0.004506290729432369
0.01374064042695526
0.01061397309516793
0.01308816802251914
0.007945047213212725
0.005272171709483254
0.01526689405295119
0.01233908419253751
0.009502952789528681
0.009870241816486828
0.01139873405703829
0.013872768373961
0.01178103757396611
0.008749588826969008
0.01477584661328035
0.01166967381952449
0.01758258549651691
-0.0008079784729572503
0.02008254421301391
0.0143897356573002
0.0158636462065063
0.01111626421654712
0.007897726716946187
0.01509760088927356
0.007868707379996075
0.01035401204367569
0.01179821818560372
0.009424552657017107
0.0119383908728759
0.007957295359495426
0.01590246099101806
0.01173815060194534
0.0113779504591966
0.003780969347073368
0.01522840580202058
0.003361559910849263
0.0142928573402118
0.008420159408001353
0.0154524459948017
0.009688085455671392
0.01511492109158336
0.006561602558934457
0.003434364475883859
0.007887367504190902
0.006325983370322846
0.01442520592009292
0.01260811394089145
0.01468679393708698
0.008993301835400072
0.005387875301709569
0.01461530259508078
0.008924846769979431
0.001566248884768143
0.009742945857507863
0.01295278111703371
0.007288394687912651
0.01501294872903905
0.007695441313231368
0.007815266052740435
0.009068633987976464
0.01688356336562411
0.01069210686792258
0.01419106835815986
0.01366998343344866
0.01353282513115641
0.02005279006319129
0.01560575403286758
0.009855841536558567
0.01936288521515386
0.01649815185074382
0.01716330976968966
0.0184966861786548
0.007954180776061619
0.01156723670405426
0.009313850781298399
0.01194744811377796
0.0167176935679159
0.01336811911186267
0.01138300652013475
0.005842775318854119
0.01747794690493448
0.01592365534630528
0.01564153377967085
0.0140859891773304
0.01877010585088605
0.01796678507361472
0.01926522636547323
0.0142928338419746
0.01621556619110942
0.01719621359519647
0.01904402202551529
0.01856047192262075
0.01245445493373527
0.02099915903313821
0.01803989689571833
0.01439401486349081
0.01484880412639321
0.01413325512489996
0.0185091345013154
0.01212243937499994
0.01729420663211007
0.01800320851479148
0.01732391562988582
0.02372218765732164
0.01802980428028937
0.02283329462831279
0.0213093353352277
0.01848657199773699
0.01499429898004365
0.006642187196967863
0.01959006766738342
0.01708588555953711
0.014176998899343
0.01427390642160463
0.01034408902125252
0.01727470839943513
0.01552482109474453
0.01056391896989946
0.01143323307424399
0.01468208790998076
0.007769393124812865
0.0150192402628944
0.01047708280372667
0.0128554103302967
0.01153649730461045
0.009937589817716629
0.01509837229599304
0.006768200671993617
0.008076168546036938
0.01315326646130911
0.01121656375547332
0.01812494094561201
0.00985045943734182
0.01311600693607305
0.01051021327510588
0.00858843427979719
0.01041308627972966
0.008836034224438551
0.005548632433938233
0.009454418719113695
0.01751358428101485
0.005434310173439624
0.008747377716083179
0.007860087141435067
0.01000001755573912
0.01115911182570394
0.01503583562243541
0.01184924692385339
0.01236776561564682
0.01479255455460549
0.009683409222159736
0.008912561581811621
0.01108781565274048
0.008443823783483427
0.01145037950127511
0.0117690555429568
0.01177612028993021
0.0117167642924971
0.01291059398413893
0.01316418852257579
0.007640090955240208
0.00517245275224577
0.005080943458600429
0.0136174006235361
0.01900462309209789
0.007418909430100769
0.01613603156590979
0.01447907748068007
0.01426259805656565
0.02380099506824138
0.009390958473721558
0.009630285476103491
0.006283728791290472
0.00871736641266707
0.01253981045421608
0.009834988306106135
0.01579339849397018
0.009754602304968307
0.01057782863612805
0.01481177132429704
0.01569824493520858
0.01018442481907078
0.007261875738759674
0.002743298993282219
0.004964148188426327
0.007231554135828795
0.008178950156585953
0.008876198692130244
0.01178190262975958
0.004126320834808161
0.00303156475660005
0.007417311444411959
0.003315048662872099
0.01596940193323585
0.006908462340544324
0.01044070794778455
0.003426747423981261
0.01045383502649806
0.005298667795614806
0.01364313270469599
-0.0007612449329121167
0.007322721944039848
0.007325711501503259
0.01171081747476978
0.003258770754970231
0.005502884113967019
0.006412864376936898
0.003444432598609971
0.009792291840952013
0.009291753758375947
0.01205047424614945
0.003982190440465428
0.0006262987296998046
0.009037435584365474
0.002307995347759118
0.006170856906139536
0.006269337366667462
0.006514253289281575
0.007134741348959535
0.005796937263502483
0.006929948273264217
0.006324280165614129
-0.001508355555640118
0.007111658593471786
0.004418797378527499
0.004712513400630811
0.008984231740896543
0.005012548912631754
0.002628611382726854
0.004582142387346839
0.004628777984276569
0.004976464021415389
0.00297975646692931
0.0007343805407387486
0.006016399945481478
0.004012493886073011
0
0.006911610711854935
0.005242515106742711
0.009235375161288547
0.004778196401330033
0.007427131183826332
0.002311871303623498
0.00167134848512066
0.005706622970838252
0.006567449935628956
0.002216641020532891
-0.0008886196753563084
0.00657894131778337
0.001581411764137387
0.004752034081789779
0.003127491063105566
0.009167883763884463
0.007719805481316828
0.009412909403198277
0.003326089452854745
0.007713500292532949
0.0007971145522835871
0.003237596177675316
0.008223780257482083
0.008099248381084861
0.005147772561320131
0.007342583003324648
0.005404325757211938
0.005900907905938247
0.006365024773650348
0.006037012855018562
0.007082333200096746
0.01223379791093082
0.008196118873728895
0.002472996717687153
0.001761400211165598
0.01181977714826454
0.004044015569884512
0.002279855309464821
0.008812263059101306
0.009754676834948198
0.002073560127409717
0.006349891661295198
0.009381309539758629
-0.01001187985254514
0.001524871481919628
0.0006619797515569591
0.00902659653399345
0.005546752178334606
0.01011912100064472
0.00875422345033207
0.01004478833026223
0.006594408691514428
0.009688655064681938
0.008885167520240161
0.01030828479971431
0.007133209276069644
0.002412582503140605
0.004479330961355297
0.01144045558536911
0.007654162353116958
0.002993147354785867
0.009615715700955575
0.00698034944201225
0.01183780276351844
0.003003550947691471
0.0117330910471247
0.004570257328406206
0.003685449648806618
0.00140176181343727
0.01521032285853042
0.005843862632111782
0.003172093329485012
0.008820343527327142
0.001984330991375797
0.006794646430740224
0.002823845184055361
0.01028092114651515
0.00710437079705114
0.007542531710611735
0.01018131459222322
0.008962141618766272
0.004833477786398364
0.003777887495296959
0.00430801669780182
0.007360537971246259
0.00500445651049209
0.005390084867516526
0.01181370941753286
0.004291019885939772
0.0047506989419298
0.006891804766139078
0.01033676673113374
0.00884178431099647
-0.0009031733581820949
0.006015997309022193
0.01001617493720355
0.005849952629872892
0.003256031921030739
0.005643159334540899
0.009476761153268861
0.00452970894231582
0.004952128665208728
0.01015877279100181
0.01007008526232873
0.002886606569471596
0.003581910779186976
0.002839165702687189
0.007438012911648898
0.0007495553057246242
0.008443144785916819
0.004729504526316796
0.006838394411747249
0.00269484335317955
0.007143312923752267
0.004859768043292976
0.004265361242532909
0.001733534945547243
0.01113987164105152
0.008601623583096093
0.002875710307036446
-0.0009255104029441209
0.003694686339802858
0.01517456424185244
0.01042709483702323
0.01295798660861136
0.006051701717028714
0.009317085287663297
0.003060097400383243
-0.0005985842832827001
0.01003600690792899
0.003511269650490915
0.009645321224757423
0.003634270603997336
0.008306046344589559
0.006872532429799684
0.008923428750982927
0.002479033880661369
0.008853303526522182
0.0009391206568701505
-0.0004978239140012878
0.0028202844242152
-0.0006079079390185608
0.002934172023553614
0.003437924879722244
0.008181964542276696
0.001444770165601436
0.003675916793356514
0.007317811145687515
0.003728912430060382
-0.004571257575884479
0.00184962755822032
0.002789455594849772
0.006877828113019601
0.005212809730839594
0.00752285859213773
0.006117911062173313
0.005167148722188662
0.01114241076310441
0.00940879616289228
0.006616375022980994
0.002826476943466123
0.003614596831535093
0.009955209991986319
0.01179343441500093
0.002209914725495303
0.005565316713599209
-0.0009106448593104253
0.006276005618355136
-0.00239303596458108
0.01338836958892165
0.0002284301733538504
0.00599464733945626
0.007201209997455407
0.002697493149283406
0.003744063501012368
0.0006902051918037454
0.003394886186342095
0.0009211641399147261
0.006573238493052616
-0.004840689985901783
0.004230486259022699
0.006786622928350527
0.009621435067921708
0.007923005343232089
0.002557047577276688
0.004011998906625328
0.008605683116783131
0.009145833670535675
0.004312169023745992
0.009016713210465941
-0.0006437660520323358
0.004808286778264709
0.00386549517938055
0.006749988870971872
0.003452936572026799
0.0002352162340886207
0.003235256986826556
0.002000648053936811
-0.0001176647922374689
0.004906124276936985
0.008719124752758146
0.005498833925116367
-0.002493780285507877
0.007789065286663299
0.01747284870727043
0.01026843529889014
0.01031823921756925
0.007507218217097378
-0.00316122703717769
0.0145444628894795
0.0004171709196106694
0.01054410238636874
0.005255391113349495
0.003695354171510037
0.002152698232193613
0.006889337028781762
0.01039006911251164
0.004561485372956097
-0.0001203460038487975
0.007876725742552911
0.005599778151006506
0.003194058201085279
0.002229785227750172
0.008515691802609245
0.002053950407500916
-0.001939410783413485
0.003819482472789718
0.009810458147904958
0.00544108699125768
0.009990265615536576
0.004852724104907702
0.001094171197930586
0.01345004840392988
0.007369766250782275
0.008267786464070698
0.003477578738234545
0.005488779358553125
0.009836799698204255
0.000366289621906091
0.00871691793917744
0.007729683956704085
0.004225834676312395
0.007866600420495173
0.002752733311766359
-0.0006130284858889723
0.007767596456066243
0.01233419486159074
0.007683451155667796
0.00232946740520891
0.008436285363435624
0.003502141885953182
0.002778839693377481
0.008640181686157161
0.003522874792490711
0.01102761559179042
0.002975265607336992
0.00607836902340311
0.008482973640720873
0.004150522252989447
0.001550165433214419
0.009501794763520617
0.005662217115862095
0.0063061071614196
0.00761929605111412
0.007432074904964136
-0.006060099254749986
0.002374432549987732
0.01001790219300173
0.007152246335854573
0.006388501297084622
-0.000939551355489442
0.007536991624014581
0.001507266437782061
0.005961496230880901
0.009324088822254403
0.00460400636390694
0.005942505868872358
0.006701467427301984
0.008021138187622037
0.001076037842878744
0.003037517768021968
0.01090689889501463
0.001519052357845202
0.002290037624423453
-0.001588969275598543
0.01903160534519821
0.001018199274965941
0.003815890609258068
0.006236295811217371
0.01407115064730603
0.01229306650968155
0.001593333415451071
0.01464161010304574
0.003316972835568963
0.00268536605301182
0.00907316494881313
0.009007312052225019
0.01713319357699342
0.001737968874075948
0.007328888189911844
0.005210408098688481
0.007013758580301067
